[laptop.jpg]
filters=finetune2=1,0.315789,0.016842,0.157193,00000000,0.017544;
moddate=000092656ad60000
width=1500
height=1000
textactive=0
